3535
44299
28941
44455
44095
58067
47434
60912
18919
64668
33934
34326
63017
30554
21369
48009
30337
58188
22955
45668
32716
27102
16576
29974
47911
30738
46619
25870
63784
42882
41920
54407
6151
52503
30335
53518
25971
23562
6152
54731
14361
45504
47429
4770
16602
3226
21440
46027
40312
53260
65347
33494
3919
48236
9856
57572
15849
7344
2469
26541
36855
55317
19302
1691
43720
19873
58352
43228
59923
58420
24551
62158
19665
3836
55337
28515
10623
62604
21499
15025
4492
64140
607
23672
18975
49378
54158
17983
9539
59982
55345
21142
58068
50488
31852
26885
63951
6830
16404
41383
14812
15151
12030
42843
59304
46450
50007
50574
11684
58018
27539
51584
11258
51836
64842
52376
59001
32717
31000
26671
58293
28641
43250
59787
46761
44442
1383
45195
59605
48886
38446
43874
59376
8921
2719
47001
9302
43098
24137
53998
30276
53627
2086
22409
64663
9497
59208
50399
57706
22307
2368
48018
1313
8049
42107
9473
20446
3745
34418
61742
64010
35286
2593
15777
14064
45605
59909
4057
24176
32564
55582
29797
40236
58936
25446
51907
51914
62360
48922
13336
54638
13782
49220
35332
5375
28867
18059
24871
16952
60
13718
31558
397
38462
14708
42197
18966
39211
24059
25590
6692
39161
26854
39280
10061
25803
13836
24946
39816
51873
17039
10225
42502
2153
35494
11706
10653
17681
48341
13798
13741
57780
8245
61866
7654
12964
59741
6295
60240
54842
54662
10171
53742
53328
60653
8358
13340
13642
10175
38088
15437
12986
13065
63417
81
54910
51292
58985
37972
3000
29390
30693
8261
55168
26995
6352
30082
10747
33230
6880
26200
23530
32661
24638
10579
12475
256
7483
57833
31297
31739
62598
21269
4538
42762
63527
12458
4456
60658
50981
14023
10222
19059
57992
29935
39446
1442
57069
14636
28062
54653
41044
63696
10290
18848
52810
1183
11469
64703
1412
59193
47109
31745
31647
62296
46399
59582
14361
52545
37824
31933
15686
64792
6001
532
60147
51037
5566
29353
7449
27526
41031
46827
33148
22362
19569
31581
61882
1436
54618
24542
19062
57634
3332
7610
56794
14336
65051
24961
50776
46514
53751
59131
45125
64806
55863
18207
15372
25822
23392
60785
37235
60803
511
55924
46351
51124
26251
28514
26080
60746
37292
11127
55338
54945
64279
26536
20083
25193
11465
4719
87
59297
48100
48390
47779
47812
6951
62953
23424
25142
25180
42062
37437
20453
15632
34132
54063
20433
2801
59605
5862
25247
55472
43086
65374
28920
16854
4556
16318
65110
52960
6633
27128
43096
53081
50809
31691
4340
39364
1658
63424
40571
7001
26216
64005
59824
37879
35254
25006
31219
40891
34321
53292
40505
27437
6687
18424
26888
18923
58256
39879
35567
19841
50721
36429
33623
56246
29275
33518
16420
21731
42581
24326
15086
21524
20517
52416
45994
61527
4023
26959
11716
10420
53331
41904
31521
36594
57317
44167
43431
41312
20144
62969
10421
40139
46246
26970
40441
63096
9545
53996
41314
63068
65344
40791
2003
60471
62612
5619
26836
21226
43893
54279
7795
33905
26723
43628
27772
51978
33063
48838
42751
2289
50986
13753
52356
35920
32489
56022
57350
8398
58528
32562
32412
65465
11027
53123
26189
56107
33753
32720
27615
9331
16411
5184
19914
39517
53312
40377
55373
42223
10304
13595
27364
37477
22560
14863
30598
14465
29644
41455
29011
7719
57002
24991
36821
14319
54399
297
7993
34532
28306
9050
61869
59312
12260
38171
9292
63954
20932
51634
22312
57018
2473
24863
54831
20439
62919
63042
62513
7461
56874
25098
3158
64457
20416
26978
40292
55817
1240
23482
44805
60347
1604
4487
61640
52301
22828
29619
40523
27174
33367
55445
22770
46678
14403
3866
38683
5133
3152
34687
38976
18634
22624
12423
42438
51552
17535
735
50985
1246
40671
57464
34444
5432
39622
5473
21977
41685
24692
348
3591
60350
58257
63267
44694
42417
26275
20103
21658
50122
52177
50037
35756
12596
44247
11136
59695
655
47335
6288
61643
60351
1678
22392
49392
26603
38056
12072
64808
45476
51057
36585
62147
43554
8425
53767
30917
9199
5465
41881
36531
47133
45361
49151
5286
43220
50066
39311
2705
10629
38030
11494
53998
18481
30176
58792
52850
15418
3233
18550
61712
60122
20756
233
25825
24331
27227
60468
64423
59293
44605
8632
46043
45496
52239
54207
26773
30005
7347
4748
27897
4750
965
3375
12657
35988
32410
52173
37969
18996
24565
41312
28030
843
12948
44271
38652
42619
27671
52808
55200
10721
3253
61191
60238
56637
16814
36802
33290
1649
22534
12627
40471
24739
44482
40307
46760
22496
14616
52870
33181
26212
16865
30358
10344
60019
37237
65487
60420
50121
25382
36589
9983
27308
62212
45282
5224
26770
36064
12838
31678
53154
18830
20098
9951
45822
18380
15704
62353
43597
40980
51024
6422
4000
51716
24712
24393
9064
52890
27875
8787
22454
53015
13376
194
13805
60560
24933
31490
10547
64238
4533
61579
49239
6924
50237
45339
940
1382
17926
1298
23310
39283
56964
28677
19934
65483
60293
10646
32457
7750
9802
5070
34687
16553
28203
57416
27076
7469
3562
49357
54149
58755
33421
57444
24318
64138
15090
524
46878
25971
8452
24118
20219
11277
61022
8724
25094
25306
59617
36930
46518
60715
7727
35574
5358
50547
10700
29200
32178
32106
65165
31653
17190
10643
46014
39507
1119
54757
32534
18944
56508
56426
30752
14174
61513
25208
36604
14893
50881
61556
63762
59947
26043
37492
53508
44301
59245
28816
32217
17777
19147
982
50860
2290
21568
23373
1518
11121
47115
41814
24556
18669
8310
56180
65102
8835
26427
23247
19293
36940
592
9704
52951
64929
60870
52940
22732
31013
34327
32839
28667
58196
54506
15181
48750
5632
52701
14074
23293
53981
11722
46848
5956
51212
60759
46241
20871
17518
5071
897
32619
7266
51544
32762
43863
26325
44056
39020
18773
56385
714
41144
4918
51695
38113
50753
25916
23895
56628
52978
56993
64188
25618
42354
47678
59504
16662
56331
30131
45809
51319
1304
24309
48678
62136
63306
37698
50010
7482
46114
54658
55918
54844
52098
32587
52605
50092
20231
11597
6425
41473
63100
51215
13870
25464
13115
13068
50853
45225
1538
26754
30751
17862
22786
42423
63992
48218
63940
48375
8863
23528
39772
48516
19675
11527
17522
8469
